((("printf" .
   [1 0 0 0 0 0])
  ("c" .
   [2])
  ("can" .
   [0 0 1])
  ("s" .
   [1])
  ("push_back" .
   [1 0 0 0 0 0 0 0 0])
  ("a" .
   [1])
  ("of" .
   [1 0])
  ("G" .
   [1])
  ("cout" .
   [1 0 0 0])
  ("endl" .
   [3 0 0 0])
  ("str" .
   [2 0 0])
  ("std" .
   [1 0 0])
  ("string" .
   [3 0 0 0 0 0])
  ("getline" .
   [1 0 0 0 0 0 0])
  ("buf" .
   [5 0 0])
  ("in" .
   [1 0])
  ("path" .
   [1 0 0 0])
  ("open" .
   [1 0 0 0])
  ("ifs" .
   [2 0 0])
  ("ifstream" .
   [2 0 0 0 0 0 0 0])
  ("board" .
   [2 0 0 0 0])
  ("createBoard" .
   [2 0 0 0 0 0 0 0 0 0 0])
  ("GenerateBoard" .
   [2 0 0 0 0 0 0 0 0 0 0 0 0])
  ("B" .
   [1])
  ("player" .
   [1 0 0 0 0 0])
  ("setPlayer" .
   [1 0 0 0 0 0 0 0 0])
  ("at" .
   [1 0])
  ("g" .
   [6])
  ("addBoard" .
   [1 0 0 1 0 0 0 0])
  ("size" .
   [1 0 0 0])
  ("Game" .
   [5 0 0 0])
  ("boards" .
   [10 0 0 0 0 0])
  ("Board" .
   [5 0 0 0 0])
  ("vector" .
   [3 0 0 0 0 0])
  ("play" .
   [3 0 0 0])
  ("game" .
   [10 0 0 0])
  ("Player" .
   [1 0 0 0 0 0])
  ("Elem" .
   [2 0 0 0])
  ("x2" .
   [1 0])
  ("x8" .
   [1 0])
  ("x7" .
   [1 0])
  ("x6" .
   [1 0])
  ("x5" .
   [1 0])
  ("x4" .
   [1 0])
  ("x3" .
   [1 0])
  ("tool-bar-mode" .
   [1 0 0 0 0 0 0 0 0 0 0 0 0])
  ("add-to-list" .
   [1 0 0 0 0 0 0 0 0 0 0])
  ("default-frame-alist" .
   [0 0 0 0 0 0 0 0 0 0 0 0 0 0 0 0 0 0 1])
  ("fullscreen" .
   [1 0 0 0 0 0 0 0 0 0])
  ("GAME_CREATOR" .
   [0 0 0 0 0 0 1 0 0 0 0 0])
  ("onCollision" .
   [0 0 0 0 0 0 0 1 0 0 0])
  ("elem" .
   [1 0 0 0])
  ("stage" .
   [3 0 0 1 0])
  ("delete" .
   [1 0 0 0 0 0])
  ("delete-selection-mode" .
   [1 0 0 0 0 0 0 0 0 0 0 0 0 0 0 0 0 0 0 0 0])))
